> TT
     [,1]        [,2]        [,3]        [,4]
[1,]   10    5.534800    5.534800    5.534800
[2,]   25    6.599132    6.599132    6.599132
[3,]   50   11.446282   11.446282   11.446282
[4,]  100   82.757203   82.757203   82.757203
[5,]  250  810.418074  810.418074  810.418074
[6,]  500 3756.582641 3756.582641 3756.582641
> MM
     [,1]        [,2]        [,3]        [,4]
[1,]   10    5.097847    5.097847    5.097847
[2,]   25    6.228386    6.228386    6.228386
[3,]   50   11.264864   11.264864   11.264864
[4,]  100   75.713668   75.713668   75.713668
[5,]  250  739.457820  739.457820  739.457820
[6,]  500 3666.290521 3666.290521 3666.290521
